32

88

79

50

93

94

95

96

97

98

93

80

81

85

97

98

99

100

96

40

111

114

115

115

116

115

117

118

118

118

120

121

88

96

118

124

125

129

115

130

130

175

132

133

130

132

133

133

141

144

141

131

144

148

149

150

120

148

151

130

154

155

154

155

157

151

154

160

161

160

162

163

111

154

171

175

178

179

189

192

193

194

195

197

189

199

199

200

201

206

207

171

208

209

210

214

216

219

220

221

222

223

224

219

220

227

228

230

231

232

234

236

248

248

248

268

279

296

302

303

313

315

316

318

319

330

332

340

349

352

248

367

391

171

434

438

439

421

447

14S



32

40

41

42

43

33

34

35

36

37

38

39

49

50

32

80

81

85

96

111

114

116

117

121

122

96

124

125

129

149

150

154

155

156

157

159

151

154

156

159

159

111

154

171

178

175

192

193

194

195

200

206

171

208

209

210

214

222

223

224

227

228

230

234

258

279

302

303

332

349

171

447

457

210

157

465

471

481

483

